1
181
2
182
3
183
4
184
5
185
6
186
7
187
8
188
9
189
10
190
11
191
12
192
13
193
14
194
15
195
16
196
17
197
18
198
19
199
20
200
21
201
22
202
23
203
24
204
25
205
26
206
27
207
28
208
29
209
30
210
31
211
32
212
33
213
34
214
35
215
36
216
37
217
38
218
39
219
40
220
41
221
42
222
43
223
44
224
45
225
46
226
47
227
48
228
49
229
50
230
51
231
52
232
53
233
54
234
55
235
56
236
57
237
58
238
59
239
60
240
61
241
62
242
63
243
64
244
65
245
66
246
67
247
68
248
69
249
70
250
71
251
72
252
73
253
74
254
75
255
76
256
77
257
78
258
79
259
80
260
81
261
82
262
83
263
84
264
85
265
86
266
87
267
88
268
89
269
90
270
91
271
92
272
93
273
94
274
95
275
96
276
97
277
98
278
99
279
100
280
101
281
102
282
103
283
104
284
105
285
106
286
107
287
108
288
109
289
110
290
111
291
112
292
113
293
114
294
115
295
116
296
117
297
118
298
119
299
120
300
121
301
122
302
123
303
124
304
125
305
126
306
127
307
128
308
129
309
130
310
131
311
132
312
133
313
134
314
135
315
136
316
137
317
138
318
139
319
140
320
141
321
142
322
143
323
144
324
145
325
146
326
147
327
148
328
149
329
150
330
151
331
152
332
153
333
154
334
155
335
156
336
157
337
158
338
159
339
160
340
161
341
162
342
163
343
164
344
165
345
166
346
167
347
168
348
169
349
170
350
171
351
172
352
173
353
174
354
175
355
176
356
177
357
178
358
179
359
180
360
361
394
362
395
363
396
364
397
365
398
366
399
367
400
368
401
369
402
370
403
371
404
372
405
373
406
374
407
375
408
376
409
377
410
378
411
379
412
380
413
381
414
382
415
383
416
384
417
385
418
386
419
387
420
388
421
389
422
390
423
391
424
392
425
393
426
